K =  2
     R    G    B
0   26   57   26
1  129  151  146
**************************************************
K =  3
     R    G    B
0   21   52   23
1   83  114   73
2  157  172  194
**************************************************
K =  7
     R    G    B
0  182  194  217
1   81  103  123
2  100  134   76
3   23   63   27
4   59   92   47
5  128  146  170
6   15   36   17
**************************************************
K =  20
      R    G    B
0    15   44   18
1   134  155  186
2    35   57   30
3   102  125  154
4    13   36   15
5    52   75   95
6    53   82   37
7    86  118   67
8    12   40   16
9    18   64   25
10   19   51   21
11  162  175  195
12   23   37   17
13  202  212  235
14   24   84   37
15   12   30   18
16   12   23   13
17  224  232  247
18  183  194  218
19  120  148  102
**************************************************
